
-------- Another step parameters --------

 Transition matrix: 
0.7	0.15	0.15	0.0	0.0
0.9	0.1	0.0	0.0	0.0
0.8	0.0	0.2	0.0	0.0
0.9	0.05	0.05	0.0	0.0
0.0	0.0	0.0	0.0	1.0

 Insertion base call: 
0.25	0.25	0.25	0.25

 Length call (insertion): 
0.6937	0.1633	0.0686	0.0323	0.0186	0.0115	0.0069	0.0045	0.0007	0.0	0.0	0.0	0.0	0.0	0.0

 Length call (match): 
0.9987	0.0013	0.0	0.0	0.0	0.0	0.0	0.0	0.0	0.0	0.0	0.0	0.0	0.0	0.0
0.0049	0.9825	0.0125	0.0001	0.0	0.0	0.0	0.0	0.0	0.0	0.0	0.0	0.0	0.0	0.0
0.0001	0.0386	0.9237	0.0365	0.001	0.0001	0.0	0.0	0.0	0.0	0.0	0.0	0.0	0.0	0.0
0.0	0.0014	0.1193	0.8021	0.0738	0.0032	0.0002	0.0	0.0	0.0	0.0	0.0	0.0	0.0	0.0
0.0	0.0002	0.0083	0.1959	0.6954	0.094	0.0057	0.0004	0.0	0.0	0.0	0.0	0.0	0.0	0.0
0.0	0.0001	0.0015	0.0264	0.2886	0.5818	0.0919	0.0095	0.0003	0.0	0.0	0.0	0.0	0.0	0.0
0.0	0.0001	0.0005	0.0054	0.072	0.3766	0.4435	0.0972	0.0047	0.0	0.0	0.0	0.0	0.0	0.0
0.0	0.0	0.0002	0.0017	0.0202	0.1563	0.3921	0.3934	0.0356	0.0004	0.0	0.0	0.0	0.0	0.0
0.0	0.0	0.0001	0.0007	0.0069	0.07	0.271	0.5116	0.1362	0.0022	0.0003	0.0003	0.0003	0.0002	0.0001
0.0	0.0	0.0001	0.0004	0.0029	0.0349	0.1973	0.5303	0.2194	0.0075	0.0013	0.0017	0.0018	0.0015	0.0009
0.0	0.0	0.0001	0.0003	0.0014	0.0183	0.144	0.5185	0.275	0.0129	0.0038	0.0064	0.0078	0.0071	0.0043
0.0	0.0	0.0001	0.0002	0.0008	0.0099	0.1021	0.474	0.308	0.0172	0.0065	0.0167	0.0246	0.0244	0.0154
0.0	0.0	0.0001	0.0001	0.0006	0.0057	0.0696	0.3979	0.3062	0.0196	0.0084	0.0261	0.0562	0.0659	0.0437
0.0	0.0	0.0001	0.0001	0.0005	0.0037	0.0471	0.3094	0.2697	0.0192	0.0089	0.0303	0.0773	0.1329	0.1008
0.0	0.0	0.0001	0.0002	0.0005	0.0034	0.039	0.2622	0.2391	0.0177	0.0086	0.0302	0.0807	0.1586	0.1596
Train set formed, size: 55, sequence length: 115
Max length from reference: 10

Model likelihood: -5101.2643
 Previous b: 0.0	0.0666	0.1138	0.1773	0.2489	0.3264	0.4085	0.4945	0.5839	0.6763	0.7714

 Current b: 0.0	0.0666	0.1138	0.1773	0.2489	0.3264	0.4085	0.4945	0.5839	0.6763	0.7714
Sigma: 0.87604302654
-------- Another step parameters --------

 Transition matrix: 
0.9436	0.0129	0.0435	0.0	0.0
0.3289	0.6711	0.0	0.0	0.0
0.879	0.0	0.121	0.0	0.0
0.9	0.05	0.05	0.0	0.0001
0.0	0.0	0.0	0.0	1.0

 Insertion base call: 
0.6182	0.1035	0.1052	0.1731

 Length call (insertion): 
0.6955	0.1646	0.0669	0.0319	0.0181	0.0112	0.0069	0.0041	0.0008	0.0

 Length call (match): 
0.9987	0.0013	0.0	0.0	0.0	0.0	0.0	0.0	0.0	0.0
0.0049	0.9846	0.0104	0.0001	0.0	0.0	0.0	0.0	0.0	0.0
0.0001	0.0434	0.9223	0.0334	0.0008	0.0	0.0	0.0	0.0	0.0
0.0	0.0015	0.1273	0.8008	0.0674	0.0028	0.0001	0.0	0.0	0.0
0.0	0.0003	0.0089	0.2098	0.6862	0.089	0.0055	0.0003	0.0	0.0
0.0	0.0001	0.0016	0.0291	0.2982	0.5713	0.0909	0.0085	0.0003	0.0
0.0	0.0001	0.0005	0.0059	0.0762	0.3775	0.4449	0.0892	0.0055	0.0002
0.0	0.0	0.0002	0.0018	0.0217	0.1614	0.4055	0.366	0.0414	0.0019
0.0	0.0	0.0001	0.0008	0.0076	0.0743	0.2837	0.4685	0.1546	0.0104
0.0	0.0	0.0001	0.0005	0.0035	0.0402	0.2131	0.4747	0.2338	0.034

Model likelihood: -3096.0698
 Previous b: 0.0	0.0666	0.1138	0.1773	0.2489	0.3264	0.4085	0.4945	0.5839	0.6763	0.7714

 Current b: 0.0	0.0666	0.1138	0.1773	0.2489	0.3264	0.4085	0.4945	0.5839	0.6763	0.7714
Sigma: 0.928616485444
-------- Another step parameters --------

 Transition matrix: 
0.9476	0.0118	0.0407	0.0	0.0
0.2618	0.7382	0.0	0.0	0.0
0.8536	0.0	0.1464	0.0	0.0
0.9	0.05	0.05	0.0	0.0001
0.0	0.0	0.0	0.0	1.0

 Insertion base call: 
0.664	0.0987	0.0921	0.1452

 Length call (insertion): 
0.6755	0.1719	0.0718	0.0348	0.0201	0.0125	0.0078	0.0047	0.001	0.0

 Length call (match): 
0.9987	0.0013	0.0	0.0	0.0	0.0	0.0	0.0	0.0	0.0
0.0049	0.9846	0.0104	0.0001	0.0	0.0	0.0	0.0	0.0	0.0
0.0001	0.0434	0.9223	0.0334	0.0008	0.0	0.0	0.0	0.0	0.0
0.0	0.0015	0.1273	0.8008	0.0674	0.0028	0.0001	0.0	0.0	0.0
0.0	0.0003	0.0089	0.2098	0.6862	0.089	0.0055	0.0003	0.0	0.0
0.0	0.0001	0.0016	0.0291	0.2982	0.5713	0.0909	0.0085	0.0003	0.0
0.0	0.0001	0.0005	0.0059	0.0762	0.3775	0.4449	0.0892	0.0055	0.0002
0.0	0.0	0.0002	0.0018	0.0217	0.1614	0.4055	0.366	0.0414	0.0019
0.0	0.0	0.0001	0.0008	0.0076	0.0743	0.2837	0.4685	0.1546	0.0104
0.0	0.0	0.0001	0.0005	0.0035	0.0402	0.2131	0.4747	0.2338	0.034

Model likelihood: -3094.7188
 Previous b: 0.0	0.0666	0.1138	0.1773	0.2489	0.3264	0.4085	0.4945	0.5839	0.6763	0.7714

 Current b: 0.0	0.0666	0.1138	0.1773	0.2489	0.3264	0.4085	0.4945	0.5839	0.6763	0.7714
Sigma: 0.902881515953
-------- Another step parameters --------

 Transition matrix: 
0.9487	0.0112	0.0401	0.0	0.0
0.2578	0.7422	0.0	0.0	0.0
0.8326	0.0	0.1674	0.0	0.0
0.9	0.05	0.05	0.0	0.0001
0.0	0.0	0.0	0.0	1.0

 Insertion base call: 
0.6732	0.1037	0.0854	0.1377

 Length call (insertion): 
0.6852	0.1684	0.0694	0.0334	0.0191	0.0118	0.0073	0.0044	0.0009	0.0

 Length call (match): 
0.9987	0.0013	0.0	0.0	0.0	0.0	0.0	0.0	0.0	0.0
0.0049	0.9846	0.0104	0.0001	0.0	0.0	0.0	0.0	0.0	0.0
0.0001	0.0434	0.9223	0.0334	0.0008	0.0	0.0	0.0	0.0	0.0
0.0	0.0015	0.1273	0.8008	0.0674	0.0028	0.0001	0.0	0.0	0.0
0.0	0.0003	0.0089	0.2098	0.6862	0.089	0.0055	0.0003	0.0	0.0
0.0	0.0001	0.0016	0.0291	0.2982	0.5713	0.0909	0.0085	0.0003	0.0
0.0	0.0001	0.0005	0.0059	0.0762	0.3775	0.4449	0.0892	0.0055	0.0002
0.0	0.0	0.0002	0.0018	0.0217	0.1614	0.4055	0.366	0.0414	0.0019
0.0	0.0	0.0001	0.0008	0.0076	0.0743	0.2837	0.4685	0.1546	0.0104
0.0	0.0	0.0001	0.0005	0.0035	0.0402	0.2131	0.4747	0.2338	0.034

Model likelihood: -3090.2118
 Previous b: 0.0	0.0666	0.1138	0.1773	0.2489	0.3264	0.4085	0.4945	0.5839	0.6763	0.7714

 Current b: 0.0	0.0666	0.1138	0.1773	0.2489	0.3264	0.4085	0.4945	0.5839	0.6763	0.7714
Sigma: 0.914392917573
-------- Another step parameters --------

 Transition matrix: 
0.9492	0.0109	0.0399	0.0	0.0
0.2566	0.7434	0.0	0.0	0.0
0.819	0.0	0.181	0.0	0.0
0.9	0.05	0.05	0.0	0.0001
0.0	0.0	0.0	0.0	1.0

 Insertion base call: 
0.6761	0.107	0.0817	0.1352

 Length call (insertion): 
0.6809	0.1699	0.0705	0.034	0.0196	0.0121	0.0075	0.0045	0.0009	0.0

 Length call (match): 
0.9987	0.0013	0.0	0.0	0.0	0.0	0.0	0.0	0.0	0.0
0.0049	0.9846	0.0104	0.0001	0.0	0.0	0.0	0.0	0.0	0.0
0.0001	0.0434	0.9223	0.0334	0.0008	0.0	0.0	0.0	0.0	0.0
0.0	0.0015	0.1273	0.8008	0.0674	0.0028	0.0001	0.0	0.0	0.0
0.0	0.0003	0.0089	0.2098	0.6862	0.089	0.0055	0.0003	0.0	0.0
0.0	0.0001	0.0016	0.0291	0.2982	0.5713	0.0909	0.0085	0.0003	0.0
0.0	0.0001	0.0005	0.0059	0.0762	0.3775	0.4449	0.0892	0.0055	0.0002
0.0	0.0	0.0002	0.0018	0.0217	0.1614	0.4055	0.366	0.0414	0.0019
0.0	0.0	0.0001	0.0008	0.0076	0.0743	0.2837	0.4685	0.1546	0.0104
0.0	0.0	0.0001	0.0005	0.0035	0.0402	0.2131	0.4747	0.2338	0.034

Model likelihood: -3092.0382
 Previous b: 0.0	0.0666	0.1138	0.1773	0.2489	0.3264	0.4085	0.4945	0.5839	0.6763	0.7714

 Current b: 0.0	0.0666	0.1138	0.1773	0.2489	0.3264	0.4085	0.4945	0.5839	0.6763	0.7714
Sigma: 0.908825109012
-------- Another step parameters --------

 Transition matrix: 
0.9495	0.0107	0.0398	0.0	0.0
0.2558	0.7442	0.0	0.0	0.0
0.8112	0.0	0.1888	0.0	0.0
0.9	0.05	0.05	0.0	0.0001
0.0	0.0	0.0	0.0	1.0

 Insertion base call: 
0.6777	0.1089	0.0795	0.1339

 Length call (insertion): 
0.683	0.1692	0.0699	0.0337	0.0194	0.012	0.0074	0.0045	0.0009	0.0

 Length call (match): 
0.9987	0.0013	0.0	0.0	0.0	0.0	0.0	0.0	0.0	0.0
0.0049	0.9846	0.0104	0.0001	0.0	0.0	0.0	0.0	0.0	0.0
0.0001	0.0434	0.9223	0.0334	0.0008	0.0	0.0	0.0	0.0	0.0
0.0	0.0015	0.1273	0.8008	0.0674	0.0028	0.0001	0.0	0.0	0.0
0.0	0.0003	0.0089	0.2098	0.6862	0.089	0.0055	0.0003	0.0	0.0
0.0	0.0001	0.0016	0.0291	0.2982	0.5713	0.0909	0.0085	0.0003	0.0
0.0	0.0001	0.0005	0.0059	0.0762	0.3775	0.4449	0.0892	0.0055	0.0002
0.0	0.0	0.0002	0.0018	0.0217	0.1614	0.4055	0.366	0.0414	0.0019
0.0	0.0	0.0001	0.0008	0.0076	0.0743	0.2837	0.4685	0.1546	0.0104
0.0	0.0	0.0001	0.0005	0.0035	0.0402	0.2131	0.4747	0.2338	0.034

Model likelihood: -3091.6282
 Previous b: 0.0	0.0666	0.1138	0.1773	0.2489	0.3264	0.4085	0.4945	0.5839	0.6763	0.7714

 Current b: 0.0	0.0666	0.1138	0.1773	0.2489	0.3264	0.4085	0.4945	0.5839	0.6763	0.7714
Sigma: 0.911294411399
-------- Another step parameters --------

 Transition matrix: 
0.9497	0.0106	0.0397	0.0	0.0
0.2554	0.7446	0.0	0.0	0.0
0.8064	0.0	0.1936	0.0	0.0
0.9	0.05	0.05	0.0	0.0001
0.0	0.0	0.0	0.0	1.0

 Insertion base call: 
0.6785	0.1101	0.0782	0.1332

 Length call (insertion): 
0.682	0.1695	0.0702	0.0338	0.0194	0.0121	0.0075	0.0045	0.0009	0.0

 Length call (match): 
0.9987	0.0013	0.0	0.0	0.0	0.0	0.0	0.0	0.0	0.0
0.0049	0.9846	0.0104	0.0001	0.0	0.0	0.0	0.0	0.0	0.0
0.0001	0.0434	0.9223	0.0334	0.0008	0.0	0.0	0.0	0.0	0.0
0.0	0.0015	0.1273	0.8008	0.0674	0.0028	0.0001	0.0	0.0	0.0
0.0	0.0003	0.0089	0.2098	0.6862	0.089	0.0055	0.0003	0.0	0.0
0.0	0.0001	0.0016	0.0291	0.2982	0.5713	0.0909	0.0085	0.0003	0.0
0.0	0.0001	0.0005	0.0059	0.0762	0.3775	0.4449	0.0892	0.0055	0.0002
0.0	0.0	0.0002	0.0018	0.0217	0.1614	0.4055	0.366	0.0414	0.0019
0.0	0.0	0.0001	0.0008	0.0076	0.0743	0.2837	0.4685	0.1546	0.0104
0.0	0.0	0.0001	0.0005	0.0035	0.0402	0.2131	0.4747	0.2338	0.034

Model likelihood: -3092.2761
 Previous b: 0.0	0.0666	0.1138	0.1773	0.2489	0.3264	0.4085	0.4945	0.5839	0.6763	0.7714

 Current b: 0.0	0.0666	0.1138	0.1773	0.2489	0.3264	0.4085	0.4945	0.5839	0.6763	0.7714
Sigma: 0.91007881198
-------- Another step parameters --------

 Transition matrix: 
0.9498	0.0105	0.0397	0.0	0.0
0.2551	0.7449	0.0	0.0	0.0
0.8037	0.0	0.1963	0.0	0.0
0.9	0.05	0.05	0.0	0.0001
0.0	0.0	0.0	0.0	1.0

 Insertion base call: 
0.679	0.1107	0.0774	0.1328

 Length call (insertion): 
0.6825	0.1694	0.0701	0.0338	0.0194	0.012	0.0074	0.0045	0.0009	0.0

 Length call (match): 
0.9987	0.0013	0.0	0.0	0.0	0.0	0.0	0.0	0.0	0.0
0.0049	0.9846	0.0104	0.0001	0.0	0.0	0.0	0.0	0.0	0.0
0.0001	0.0434	0.9223	0.0334	0.0008	0.0	0.0	0.0	0.0	0.0
0.0	0.0015	0.1273	0.8008	0.0674	0.0028	0.0001	0.0	0.0	0.0
0.0	0.0003	0.0089	0.2098	0.6862	0.089	0.0055	0.0003	0.0	0.0
0.0	0.0001	0.0016	0.0291	0.2982	0.5713	0.0909	0.0085	0.0003	0.0
0.0	0.0001	0.0005	0.0059	0.0762	0.3775	0.4449	0.0892	0.0055	0.0002
0.0	0.0	0.0002	0.0018	0.0217	0.1614	0.4055	0.366	0.0414	0.0019
0.0	0.0	0.0001	0.0008	0.0076	0.0743	0.2837	0.4685	0.1546	0.0104
0.0	0.0	0.0001	0.0005	0.0035	0.0402	0.2131	0.4747	0.2338	0.034

Model likelihood: -3092.3074