
-------- Another step parameters --------

 Transition matrix: 
0.7	0.15	0.15	0.0	0.0
0.9	0.1	0.0	0.0	0.0
0.8	0.0	0.2	0.0	0.0
0.9	0.05	0.05	0.0	0.0
0.0	0.0	0.0	0.0	1.0

 Insertion base call: 
0.25	0.25	0.25	0.25

 Length call (insertion): 
0.6937	0.1633	0.0686	0.0323	0.0186	0.0115	0.0069	0.0045	0.0007	0.0	0.0	0.0	0.0	0.0	0.0

 Length call (match): 
0.9987	0.0013	0.0	0.0	0.0	0.0	0.0	0.0	0.0	0.0	0.0	0.0	0.0	0.0	0.0
0.0049	0.9825	0.0125	0.0001	0.0	0.0	0.0	0.0	0.0	0.0	0.0	0.0	0.0	0.0	0.0
0.0001	0.0386	0.9237	0.0365	0.001	0.0001	0.0	0.0	0.0	0.0	0.0	0.0	0.0	0.0	0.0
0.0	0.0014	0.1193	0.8021	0.0738	0.0032	0.0002	0.0	0.0	0.0	0.0	0.0	0.0	0.0	0.0
0.0	0.0002	0.0083	0.1959	0.6954	0.094	0.0057	0.0004	0.0	0.0	0.0	0.0	0.0	0.0	0.0
0.0	0.0001	0.0015	0.0264	0.2886	0.5818	0.0919	0.0095	0.0003	0.0	0.0	0.0	0.0	0.0	0.0
0.0	0.0001	0.0005	0.0054	0.072	0.3766	0.4435	0.0972	0.0047	0.0	0.0	0.0	0.0	0.0	0.0
0.0	0.0	0.0002	0.0017	0.0202	0.1563	0.3921	0.3934	0.0356	0.0004	0.0	0.0	0.0	0.0	0.0
0.0	0.0	0.0001	0.0007	0.0069	0.07	0.271	0.5116	0.1362	0.0022	0.0003	0.0003	0.0003	0.0002	0.0001
0.0	0.0	0.0001	0.0004	0.0029	0.0349	0.1973	0.5303	0.2194	0.0075	0.0013	0.0017	0.0018	0.0015	0.0009
0.0	0.0	0.0001	0.0003	0.0014	0.0183	0.144	0.5185	0.275	0.0129	0.0038	0.0064	0.0078	0.0071	0.0043
0.0	0.0	0.0001	0.0002	0.0008	0.0099	0.1021	0.474	0.308	0.0172	0.0065	0.0167	0.0246	0.0244	0.0154
0.0	0.0	0.0001	0.0001	0.0006	0.0057	0.0696	0.3979	0.3062	0.0196	0.0084	0.0261	0.0562	0.0659	0.0437
0.0	0.0	0.0001	0.0001	0.0005	0.0037	0.0471	0.3094	0.2697	0.0192	0.0089	0.0303	0.0773	0.1329	0.1008
0.0	0.0	0.0001	0.0002	0.0005	0.0034	0.039	0.2622	0.2391	0.0177	0.0086	0.0302	0.0807	0.1586	0.1596
Train set formed, size: 55, sequence length: 115
Max length from reference: 10

Model likelihood: -4636.7295
 Previous b: 0.0	0.0666	0.1138	0.1773	0.2489	0.3264	0.4085	0.4945	0.5839	0.6763	0.7714

 Current b: 0.0	0.0666	0.1138	0.1773	0.2489	0.3264	0.4085	0.4945	0.5839	0.6763	0.7714
Sigma: 0.877712727217
-------- Another step parameters --------

 Transition matrix: 
0.9581	0.008	0.0339	0.0	0.0
0.2432	0.7568	0.0	0.0	0.0
0.9131	0.0	0.0869	0.0	0.0
0.9	0.05	0.05	0.0	0.0001
0.0	0.0	0.0	0.0	1.0

 Insertion base call: 
0.665	0.0477	0.0759	0.2115

 Length call (insertion): 
0.6949	0.1648	0.067	0.032	0.0182	0.0112	0.0069	0.0041	0.0008	0.0

 Length call (match): 
0.9987	0.0013	0.0	0.0	0.0	0.0	0.0	0.0	0.0	0.0
0.0049	0.9846	0.0104	0.0001	0.0	0.0	0.0	0.0	0.0	0.0
0.0001	0.0434	0.9223	0.0334	0.0008	0.0	0.0	0.0	0.0	0.0
0.0	0.0015	0.1273	0.8008	0.0674	0.0028	0.0001	0.0	0.0	0.0
0.0	0.0003	0.0089	0.2098	0.6862	0.089	0.0055	0.0003	0.0	0.0
0.0	0.0001	0.0016	0.0291	0.2982	0.5713	0.0909	0.0085	0.0003	0.0
0.0	0.0001	0.0005	0.0059	0.0762	0.3775	0.4449	0.0892	0.0055	0.0002
0.0	0.0	0.0002	0.0018	0.0217	0.1614	0.4055	0.366	0.0414	0.0019
0.0	0.0	0.0001	0.0008	0.0076	0.0743	0.2837	0.4685	0.1546	0.0104
0.0	0.0	0.0001	0.0005	0.0035	0.0402	0.2131	0.4747	0.2338	0.034

Model likelihood: -2458.4786
 Previous b: 0.0	0.0666	0.1138	0.1773	0.2489	0.3264	0.4085	0.4945	0.5839	0.6763	0.7714

 Current b: 0.0	0.0666	0.1138	0.1773	0.2489	0.3264	0.4085	0.4945	0.5839	0.6763	0.7714
Sigma: 0.933407541831
-------- Another step parameters --------

 Transition matrix: 
0.9615	0.0072	0.0313	0.0	0.0
0.2074	0.7926	0.0	0.0	0.0
0.9203	0.0	0.0797	0.0	0.0
0.9	0.05	0.05	0.0	0.0001
0.0	0.0	0.0	0.0	1.0

 Insertion base call: 
0.715	0.0319	0.0677	0.1854

 Length call (insertion): 
0.6737	0.1725	0.0722	0.0351	0.0203	0.0126	0.0079	0.0047	0.001	0.0

 Length call (match): 
0.9987	0.0013	0.0	0.0	0.0	0.0	0.0	0.0	0.0	0.0
0.0049	0.9846	0.0104	0.0001	0.0	0.0	0.0	0.0	0.0	0.0
0.0001	0.0434	0.9223	0.0334	0.0008	0.0	0.0	0.0	0.0	0.0
0.0	0.0015	0.1273	0.8008	0.0674	0.0028	0.0001	0.0	0.0	0.0
0.0	0.0003	0.0089	0.2098	0.6862	0.089	0.0055	0.0003	0.0	0.0
0.0	0.0001	0.0016	0.0291	0.2982	0.5713	0.0909	0.0085	0.0003	0.0
0.0	0.0001	0.0005	0.0059	0.0762	0.3775	0.4449	0.0892	0.0055	0.0002
0.0	0.0	0.0002	0.0018	0.0217	0.1614	0.4055	0.366	0.0414	0.0019
0.0	0.0	0.0001	0.0008	0.0076	0.0743	0.2837	0.4685	0.1546	0.0104
0.0	0.0	0.0001	0.0005	0.0035	0.0402	0.2131	0.4747	0.2338	0.034

Model likelihood: -2461.698
 Previous b: 0.0	0.0666	0.1138	0.1773	0.2489	0.3264	0.4085	0.4945	0.5839	0.6763	0.7714

 Current b: 0.0	0.0666	0.1138	0.1773	0.2489	0.3264	0.4085	0.4945	0.5839	0.6763	0.7714
Sigma: 0.906879479627
-------- Another step parameters --------

 Transition matrix: 
0.9619	0.0072	0.0309	0.0	0.0
0.2068	0.7932	0.0	0.0	0.0
0.9198	0.0	0.0802	0.0	0.0
0.9	0.05	0.05	0.0	0.0001
0.0	0.0	0.0	0.0	1.0

 Insertion base call: 
0.7232	0.0287	0.0672	0.1809

 Length call (insertion): 
0.6837	0.1689	0.0698	0.0336	0.0193	0.0119	0.0074	0.0044	0.0009	0.0

 Length call (match): 
0.9987	0.0013	0.0	0.0	0.0	0.0	0.0	0.0	0.0	0.0
0.0049	0.9846	0.0104	0.0001	0.0	0.0	0.0	0.0	0.0	0.0
0.0001	0.0434	0.9223	0.0334	0.0008	0.0	0.0	0.0	0.0	0.0
0.0	0.0015	0.1273	0.8008	0.0674	0.0028	0.0001	0.0	0.0	0.0
0.0	0.0003	0.0089	0.2098	0.6862	0.089	0.0055	0.0003	0.0	0.0
0.0	0.0001	0.0016	0.0291	0.2982	0.5713	0.0909	0.0085	0.0003	0.0
0.0	0.0001	0.0005	0.0059	0.0762	0.3775	0.4449	0.0892	0.0055	0.0002
0.0	0.0	0.0002	0.0018	0.0217	0.1614	0.4055	0.366	0.0414	0.0019
0.0	0.0	0.0001	0.0008	0.0076	0.0743	0.2837	0.4685	0.1546	0.0104
0.0	0.0	0.0001	0.0005	0.0035	0.0402	0.2131	0.4747	0.2338	0.034

Model likelihood: -2458.7109
 Previous b: 0.0	0.0666	0.1138	0.1773	0.2489	0.3264	0.4085	0.4945	0.5839	0.6763	0.7714

 Current b: 0.0	0.0666	0.1138	0.1773	0.2489	0.3264	0.4085	0.4945	0.5839	0.6763	0.7714
Sigma: 0.919238675084
-------- Another step parameters --------

 Transition matrix: 
0.962	0.0072	0.0308	0.0	0.0
0.2067	0.7933	0.0	0.0	0.0
0.9195	0.0	0.0805	0.0	0.0
0.9	0.05	0.05	0.0	0.0001
0.0	0.0	0.0	0.0	1.0

 Insertion base call: 
0.7245	0.0277	0.0674	0.1804

 Length call (insertion): 
0.679	0.1706	0.0709	0.0343	0.0197	0.0123	0.0076	0.0046	0.0009	0.0

 Length call (match): 
0.9987	0.0013	0.0	0.0	0.0	0.0	0.0	0.0	0.0	0.0
0.0049	0.9846	0.0104	0.0001	0.0	0.0	0.0	0.0	0.0	0.0
0.0001	0.0434	0.9223	0.0334	0.0008	0.0	0.0	0.0	0.0	0.0
0.0	0.0015	0.1273	0.8008	0.0674	0.0028	0.0001	0.0	0.0	0.0
0.0	0.0003	0.0089	0.2098	0.6862	0.089	0.0055	0.0003	0.0	0.0
0.0	0.0001	0.0016	0.0291	0.2982	0.5713	0.0909	0.0085	0.0003	0.0
0.0	0.0001	0.0005	0.0059	0.0762	0.3775	0.4449	0.0892	0.0055	0.0002
0.0	0.0	0.0002	0.0018	0.0217	0.1614	0.4055	0.366	0.0414	0.0019
0.0	0.0	0.0001	0.0008	0.0076	0.0743	0.2837	0.4685	0.1546	0.0104
0.0	0.0	0.0001	0.0005	0.0035	0.0402	0.2131	0.4747	0.2338	0.034

Model likelihood: -2459.9758
 Previous b: 0.0	0.0666	0.1138	0.1773	0.2489	0.3264	0.4085	0.4945	0.5839	0.6763	0.7714

 Current b: 0.0	0.0666	0.1138	0.1773	0.2489	0.3264	0.4085	0.4945	0.5839	0.6763	0.7714
Sigma: 0.913449215625
-------- Another step parameters --------

 Transition matrix: 
0.962	0.0072	0.0308	0.0	0.0
0.2066	0.7934	0.0	0.0	0.0
0.9195	0.0	0.0805	0.0	0.0
0.9	0.05	0.05	0.0	0.0001
0.0	0.0	0.0	0.0	1.0

 Insertion base call: 
0.7248	0.0274	0.0675	0.1803

 Length call (insertion): 
0.6812	0.1698	0.0704	0.034	0.0195	0.0121	0.0075	0.0045	0.0009	0.0

 Length call (match): 
0.9987	0.0013	0.0	0.0	0.0	0.0	0.0	0.0	0.0	0.0
0.0049	0.9846	0.0104	0.0001	0.0	0.0	0.0	0.0	0.0	0.0
0.0001	0.0434	0.9223	0.0334	0.0008	0.0	0.0	0.0	0.0	0.0
0.0	0.0015	0.1273	0.8008	0.0674	0.0028	0.0001	0.0	0.0	0.0
0.0	0.0003	0.0089	0.2098	0.6862	0.089	0.0055	0.0003	0.0	0.0
0.0	0.0001	0.0016	0.0291	0.2982	0.5713	0.0909	0.0085	0.0003	0.0
0.0	0.0001	0.0005	0.0059	0.0762	0.3775	0.4449	0.0892	0.0055	0.0002
0.0	0.0	0.0002	0.0018	0.0217	0.1614	0.4055	0.366	0.0414	0.0019
0.0	0.0	0.0001	0.0008	0.0076	0.0743	0.2837	0.4685	0.1546	0.0104
0.0	0.0	0.0001	0.0005	0.0035	0.0402	0.2131	0.4747	0.2338	0.034

Model likelihood: -2459.3829
 Previous b: 0.0	0.0666	0.1138	0.1773	0.2489	0.3264	0.4085	0.4945	0.5839	0.6763	0.7714

 Current b: 0.0	0.0666	0.1138	0.1773	0.2489	0.3264	0.4085	0.4945	0.5839	0.6763	0.7714
Sigma: 0.91616050083
-------- Another step parameters --------

 Transition matrix: 
0.962	0.0072	0.0308	0.0	0.0
0.2066	0.7934	0.0	0.0	0.0
0.9195	0.0	0.0805	0.0	0.0
0.9	0.05	0.05	0.0	0.0001
0.0	0.0	0.0	0.0	1.0

 Insertion base call: 
0.7249	0.0273	0.0676	0.1803

 Length call (insertion): 
0.6802	0.1702	0.0706	0.0341	0.0196	0.0122	0.0075	0.0045	0.0009	0.0

 Length call (match): 
0.9987	0.0013	0.0	0.0	0.0	0.0	0.0	0.0	0.0	0.0
0.0049	0.9846	0.0104	0.0001	0.0	0.0	0.0	0.0	0.0	0.0
0.0001	0.0434	0.9223	0.0334	0.0008	0.0	0.0	0.0	0.0	0.0
0.0	0.0015	0.1273	0.8008	0.0674	0.0028	0.0001	0.0	0.0	0.0
0.0	0.0003	0.0089	0.2098	0.6862	0.089	0.0055	0.0003	0.0	0.0
0.0	0.0001	0.0016	0.0291	0.2982	0.5713	0.0909	0.0085	0.0003	0.0
0.0	0.0001	0.0005	0.0059	0.0762	0.3775	0.4449	0.0892	0.0055	0.0002
0.0	0.0	0.0002	0.0018	0.0217	0.1614	0.4055	0.366	0.0414	0.0019
0.0	0.0	0.0001	0.0008	0.0076	0.0743	0.2837	0.4685	0.1546	0.0104
0.0	0.0	0.0001	0.0005	0.0035	0.0402	0.2131	0.4747	0.2338	0.034

Model likelihood: -2459.6814
 Previous b: 0.0	0.0666	0.1138	0.1773	0.2489	0.3264	0.4085	0.4945	0.5839	0.6763	0.7714

 Current b: 0.0	0.0666	0.1138	0.1773	0.2489	0.3264	0.4085	0.4945	0.5839	0.6763	0.7714
Sigma: 0.914892580203
-------- Another step parameters --------

 Transition matrix: 
0.962	0.0072	0.0308	0.0	0.0
0.2066	0.7934	0.0	0.0	0.0
0.9195	0.0	0.0805	0.0	0.0
0.9	0.05	0.05	0.0	0.0001
0.0	0.0	0.0	0.0	1.0

 Insertion base call: 
0.7249	0.0272	0.0676	0.1803

 Length call (insertion): 
0.6807	0.17	0.0705	0.034	0.0196	0.0122	0.0075	0.0045	0.0009	0.0

 Length call (match): 
0.9987	0.0013	0.0	0.0	0.0	0.0	0.0	0.0	0.0	0.0
0.0049	0.9846	0.0104	0.0001	0.0	0.0	0.0	0.0	0.0	0.0
0.0001	0.0434	0.9223	0.0334	0.0008	0.0	0.0	0.0	0.0	0.0
0.0	0.0015	0.1273	0.8008	0.0674	0.0028	0.0001	0.0	0.0	0.0
0.0	0.0003	0.0089	0.2098	0.6862	0.089	0.0055	0.0003	0.0	0.0
0.0	0.0001	0.0016	0.0291	0.2982	0.5713	0.0909	0.0085	0.0003	0.0
0.0	0.0001	0.0005	0.0059	0.0762	0.3775	0.4449	0.0892	0.0055	0.0002
0.0	0.0	0.0002	0.0018	0.0217	0.1614	0.4055	0.366	0.0414	0.0019
0.0	0.0	0.0001	0.0008	0.0076	0.0743	0.2837	0.4685	0.1546	0.0104
0.0	0.0	0.0001	0.0005	0.0035	0.0402	0.2131	0.4747	0.2338	0.034

Model likelihood: -2459.5553