
-------- Another step parameters --------

 Transition matrix: 
0.7	0.15	0.15	0.0	0.0
0.9	0.1	0.0	0.0	0.0
0.8	0.0	0.2	0.0	0.0
0.9	0.05	0.05	0.0	0.0
0.0	0.0	0.0	0.0	1.0

 Insertion base call: 
0.25	0.25	0.25	0.25

 Length call (insertion): 
0.6937	0.1633	0.0686	0.0323	0.0186	0.0115	0.0069	0.0045	0.0007	0.0	0.0	0.0	0.0	0.0	0.0

 Length call (match): 
0.9987	0.0013	0.0	0.0	0.0	0.0	0.0	0.0	0.0	0.0	0.0	0.0	0.0	0.0	0.0
0.0049	0.9825	0.0125	0.0001	0.0	0.0	0.0	0.0	0.0	0.0	0.0	0.0	0.0	0.0	0.0
0.0001	0.0386	0.9237	0.0365	0.001	0.0001	0.0	0.0	0.0	0.0	0.0	0.0	0.0	0.0	0.0
0.0	0.0014	0.1193	0.8021	0.0738	0.0032	0.0002	0.0	0.0	0.0	0.0	0.0	0.0	0.0	0.0
0.0	0.0002	0.0083	0.1959	0.6954	0.094	0.0057	0.0004	0.0	0.0	0.0	0.0	0.0	0.0	0.0
0.0	0.0001	0.0015	0.0264	0.2886	0.5818	0.0919	0.0095	0.0003	0.0	0.0	0.0	0.0	0.0	0.0
0.0	0.0001	0.0005	0.0054	0.072	0.3766	0.4435	0.0972	0.0047	0.0	0.0	0.0	0.0	0.0	0.0
0.0	0.0	0.0002	0.0017	0.0202	0.1563	0.3921	0.3934	0.0356	0.0004	0.0	0.0	0.0	0.0	0.0
0.0	0.0	0.0001	0.0007	0.0069	0.07	0.271	0.5116	0.1362	0.0022	0.0003	0.0003	0.0003	0.0002	0.0001
0.0	0.0	0.0001	0.0004	0.0029	0.0349	0.1973	0.5303	0.2194	0.0075	0.0013	0.0017	0.0018	0.0015	0.0009
0.0	0.0	0.0001	0.0003	0.0014	0.0183	0.144	0.5185	0.275	0.0129	0.0038	0.0064	0.0078	0.0071	0.0043
0.0	0.0	0.0001	0.0002	0.0008	0.0099	0.1021	0.474	0.308	0.0172	0.0065	0.0167	0.0246	0.0244	0.0154
0.0	0.0	0.0001	0.0001	0.0006	0.0057	0.0696	0.3979	0.3062	0.0196	0.0084	0.0261	0.0562	0.0659	0.0437
0.0	0.0	0.0001	0.0001	0.0005	0.0037	0.0471	0.3094	0.2697	0.0192	0.0089	0.0303	0.0773	0.1329	0.1008
0.0	0.0	0.0001	0.0002	0.0005	0.0034	0.039	0.2622	0.2391	0.0177	0.0086	0.0302	0.0807	0.1586	0.1596
Train set formed, size: 55, sequence length: 115
Max length from reference: 10

Model likelihood: -4710.7874
 Previous b: 0.0	0.0666	0.1138	0.1773	0.2489	0.3264	0.4085	0.4945	0.5839	0.6763	0.7714

 Current b: 0.0	0.0666	0.1138	0.1773	0.2489	0.3264	0.4085	0.4945	0.5839	0.6763	0.7714
Sigma: 0.87416520017
-------- Another step parameters --------

 Transition matrix: 
0.9512	0.0138	0.035	0.0	0.0
0.3232	0.6768	0.0	0.0	0.0
0.8214	0.0	0.1786	0.0	0.0
0.9	0.05	0.05	0.0	0.0001
0.0	0.0	0.0	0.0	1.0

 Insertion base call: 
0.6269	0.1168	0.1026	0.1538

 Length call (insertion): 
0.6962	0.1643	0.0667	0.0318	0.0181	0.0111	0.0068	0.0041	0.0008	0.0

 Length call (match): 
0.9987	0.0013	0.0	0.0	0.0	0.0	0.0	0.0	0.0	0.0
0.0049	0.9846	0.0104	0.0001	0.0	0.0	0.0	0.0	0.0	0.0
0.0001	0.0434	0.9223	0.0334	0.0008	0.0	0.0	0.0	0.0	0.0
0.0	0.0015	0.1273	0.8008	0.0674	0.0028	0.0001	0.0	0.0	0.0
0.0	0.0003	0.0089	0.2098	0.6862	0.089	0.0055	0.0003	0.0	0.0
0.0	0.0001	0.0016	0.0291	0.2982	0.5713	0.0909	0.0085	0.0003	0.0
0.0	0.0001	0.0005	0.0059	0.0762	0.3775	0.4449	0.0892	0.0055	0.0002
0.0	0.0	0.0002	0.0018	0.0217	0.1614	0.4055	0.366	0.0414	0.0019
0.0	0.0	0.0001	0.0008	0.0076	0.0743	0.2837	0.4685	0.1546	0.0104
0.0	0.0	0.0001	0.0005	0.0035	0.0402	0.2131	0.4747	0.2338	0.034

Model likelihood: -2548.6205
 Previous b: 0.0	0.0666	0.1138	0.1773	0.2489	0.3264	0.4085	0.4945	0.5839	0.6763	0.7714

 Current b: 0.0	0.0666	0.1138	0.1773	0.2489	0.3264	0.4085	0.4945	0.5839	0.6763	0.7714
Sigma: 0.929874271701
-------- Another step parameters --------

 Transition matrix: 
0.9551	0.0132	0.0317	0.0	0.0
0.2464	0.7536	0.0	0.0	0.0
0.7569	0.0	0.2431	0.0	0.0
0.9	0.05	0.05	0.0	0.0001
0.0	0.0	0.0	0.0	1.0

 Insertion base call: 
0.6569	0.1198	0.0967	0.1266

 Length call (insertion): 
0.6751	0.172	0.0719	0.0349	0.0201	0.0125	0.0078	0.0047	0.001	0.0

 Length call (match): 
0.9987	0.0013	0.0	0.0	0.0	0.0	0.0	0.0	0.0	0.0
0.0049	0.9846	0.0104	0.0001	0.0	0.0	0.0	0.0	0.0	0.0
0.0001	0.0434	0.9223	0.0334	0.0008	0.0	0.0	0.0	0.0	0.0
0.0	0.0015	0.1273	0.8008	0.0674	0.0028	0.0001	0.0	0.0	0.0
0.0	0.0003	0.0089	0.2098	0.6862	0.089	0.0055	0.0003	0.0	0.0
0.0	0.0001	0.0016	0.0291	0.2982	0.5713	0.0909	0.0085	0.0003	0.0
0.0	0.0001	0.0005	0.0059	0.0762	0.3775	0.4449	0.0892	0.0055	0.0002
0.0	0.0	0.0002	0.0018	0.0217	0.1614	0.4055	0.366	0.0414	0.0019
0.0	0.0	0.0001	0.0008	0.0076	0.0743	0.2837	0.4685	0.1546	0.0104
0.0	0.0	0.0001	0.0005	0.0035	0.0402	0.2131	0.4747	0.2338	0.034

Model likelihood: -2549.0071
 Previous b: 0.0	0.0666	0.1138	0.1773	0.2489	0.3264	0.4085	0.4945	0.5839	0.6763	0.7714

 Current b: 0.0	0.0666	0.1138	0.1773	0.2489	0.3264	0.4085	0.4945	0.5839	0.6763	0.7714
Sigma: 0.902634071132
-------- Another step parameters --------

 Transition matrix: 
0.9566	0.0126	0.0309	0.0	0.0
0.2401	0.7599	0.0	0.0	0.0
0.7103	0.0	0.2897	0.0	0.0
0.9	0.05	0.05	0.0	0.0001
0.0	0.0	0.0	0.0	1.0

 Insertion base call: 
0.6616	0.1308	0.0881	0.1195

 Length call (insertion): 
0.6853	0.1683	0.0694	0.0334	0.0191	0.0118	0.0073	0.0044	0.0009	0.0

 Length call (match): 
0.9987	0.0013	0.0	0.0	0.0	0.0	0.0	0.0	0.0	0.0
0.0049	0.9846	0.0104	0.0001	0.0	0.0	0.0	0.0	0.0	0.0
0.0001	0.0434	0.9223	0.0334	0.0008	0.0	0.0	0.0	0.0	0.0
0.0	0.0015	0.1273	0.8008	0.0674	0.0028	0.0001	0.0	0.0	0.0
0.0	0.0003	0.0089	0.2098	0.6862	0.089	0.0055	0.0003	0.0	0.0
0.0	0.0001	0.0016	0.0291	0.2982	0.5713	0.0909	0.0085	0.0003	0.0
0.0	0.0001	0.0005	0.0059	0.0762	0.3775	0.4449	0.0892	0.0055	0.0002
0.0	0.0	0.0002	0.0018	0.0217	0.1614	0.4055	0.366	0.0414	0.0019
0.0	0.0	0.0001	0.0008	0.0076	0.0743	0.2837	0.4685	0.1546	0.0104
0.0	0.0	0.0001	0.0005	0.0035	0.0402	0.2131	0.4747	0.2338	0.034

Model likelihood: -2546.4367
 Previous b: 0.0	0.0666	0.1138	0.1773	0.2489	0.3264	0.4085	0.4945	0.5839	0.6763	0.7714

 Current b: 0.0	0.0666	0.1138	0.1773	0.2489	0.3264	0.4085	0.4945	0.5839	0.6763	0.7714
Sigma: 0.914801509868
-------- Another step parameters --------

 Transition matrix: 
0.9573	0.0121	0.0305	0.0	0.0
0.2392	0.7608	0.0	0.0	0.0
0.6839	0.0	0.3161	0.0	0.0
0.9	0.05	0.05	0.0	0.0001
0.0	0.0	0.0	0.0	1.0

 Insertion base call: 
0.663	0.1374	0.0829	0.1167

 Length call (insertion): 
0.6807	0.17	0.0705	0.034	0.0196	0.0122	0.0075	0.0045	0.0009	0.0

 Length call (match): 
0.9987	0.0013	0.0	0.0	0.0	0.0	0.0	0.0	0.0	0.0
0.0049	0.9846	0.0104	0.0001	0.0	0.0	0.0	0.0	0.0	0.0
0.0001	0.0434	0.9223	0.0334	0.0008	0.0	0.0	0.0	0.0	0.0
0.0	0.0015	0.1273	0.8008	0.0674	0.0028	0.0001	0.0	0.0	0.0
0.0	0.0003	0.0089	0.2098	0.6862	0.089	0.0055	0.0003	0.0	0.0
0.0	0.0001	0.0016	0.0291	0.2982	0.5713	0.0909	0.0085	0.0003	0.0
0.0	0.0001	0.0005	0.0059	0.0762	0.3775	0.4449	0.0892	0.0055	0.0002
0.0	0.0	0.0002	0.0018	0.0217	0.1614	0.4055	0.366	0.0414	0.0019
0.0	0.0	0.0001	0.0008	0.0076	0.0743	0.2837	0.4685	0.1546	0.0104
0.0	0.0	0.0001	0.0005	0.0035	0.0402	0.2131	0.4747	0.2338	0.034

Model likelihood: -2546.7213
 Previous b: 0.0	0.0666	0.1138	0.1773	0.2489	0.3264	0.4085	0.4945	0.5839	0.6763	0.7714

 Current b: 0.0	0.0666	0.1138	0.1773	0.2489	0.3264	0.4085	0.4945	0.5839	0.6763	0.7714
Sigma: 0.908969002366
-------- Another step parameters --------

 Transition matrix: 
0.9578	0.012	0.0303	0.0	0.0
0.2386	0.7614	0.0	0.0	0.0
0.6716	0.0	0.3284	0.0	0.0
0.9	0.05	0.05	0.0	0.0001
0.0	0.0	0.0	0.0	1.0

 Insertion base call: 
0.6635	0.1406	0.0805	0.1154

 Length call (insertion): 
0.6829	0.1692	0.07	0.0337	0.0194	0.012	0.0074	0.0045	0.0009	0.0

 Length call (match): 
0.9987	0.0013	0.0	0.0	0.0	0.0	0.0	0.0	0.0	0.0
0.0049	0.9846	0.0104	0.0001	0.0	0.0	0.0	0.0	0.0	0.0
0.0001	0.0434	0.9223	0.0334	0.0008	0.0	0.0	0.0	0.0	0.0
0.0	0.0015	0.1273	0.8008	0.0674	0.0028	0.0001	0.0	0.0	0.0
0.0	0.0003	0.0089	0.2098	0.6862	0.089	0.0055	0.0003	0.0	0.0
0.0	0.0001	0.0016	0.0291	0.2982	0.5713	0.0909	0.0085	0.0003	0.0
0.0	0.0001	0.0005	0.0059	0.0762	0.3775	0.4449	0.0892	0.0055	0.0002
0.0	0.0	0.0002	0.0018	0.0217	0.1614	0.4055	0.366	0.0414	0.0019
0.0	0.0	0.0001	0.0008	0.0076	0.0743	0.2837	0.4685	0.1546	0.0104
0.0	0.0	0.0001	0.0005	0.0035	0.0402	0.2131	0.4747	0.2338	0.034

Model likelihood: -2545.6562
 Previous b: 0.0	0.0666	0.1138	0.1773	0.2489	0.3264	0.4085	0.4945	0.5839	0.6763	0.7714

 Current b: 0.0	0.0666	0.1138	0.1773	0.2489	0.3264	0.4085	0.4945	0.5839	0.6763	0.7714
Sigma: 0.911615500524
-------- Another step parameters --------

 Transition matrix: 
0.9579	0.0119	0.0302	0.0	0.0
0.2384	0.7616	0.0	0.0	0.0
0.6658	0.0	0.3342	0.0	0.0
0.9	0.05	0.05	0.0	0.0001
0.0	0.0	0.0	0.0	1.0

 Insertion base call: 
0.6637	0.142	0.0795	0.1148

 Length call (insertion): 
0.6819	0.1696	0.0702	0.0339	0.0195	0.0121	0.0075	0.0045	0.0009	0.0

 Length call (match): 
0.9987	0.0013	0.0	0.0	0.0	0.0	0.0	0.0	0.0	0.0
0.0049	0.9846	0.0104	0.0001	0.0	0.0	0.0	0.0	0.0	0.0
0.0001	0.0434	0.9223	0.0334	0.0008	0.0	0.0	0.0	0.0	0.0
0.0	0.0015	0.1273	0.8008	0.0674	0.0028	0.0001	0.0	0.0	0.0
0.0	0.0003	0.0089	0.2098	0.6862	0.089	0.0055	0.0003	0.0	0.0
0.0	0.0001	0.0016	0.0291	0.2982	0.5713	0.0909	0.0085	0.0003	0.0
0.0	0.0001	0.0005	0.0059	0.0762	0.3775	0.4449	0.0892	0.0055	0.0002
0.0	0.0	0.0002	0.0018	0.0217	0.1614	0.4055	0.366	0.0414	0.0019
0.0	0.0	0.0001	0.0008	0.0076	0.0743	0.2837	0.4685	0.1546	0.0104
0.0	0.0	0.0001	0.0005	0.0035	0.0402	0.2131	0.4747	0.2338	0.034

Model likelihood: -2545.7971