
-------- Another step parameters --------

 Transition matrix: 
0.7	0.15	0.15	0.0	0.0
0.9	0.1	0.0	0.0	0.0
0.8	0.0	0.2	0.0	0.0
0.9	0.05	0.05	0.0	0.0
0.0	0.0	0.0	0.0	1.0

 Insertion base call: 
0.25	0.25	0.25	0.25

 Length call (insertion): 
0.6937	0.1633	0.0686	0.0323	0.0186	0.0115	0.0069	0.0045	0.0007	0.0	0.0	0.0	0.0	0.0	0.0

 Length call (match): 
0.9987	0.0013	0.0	0.0	0.0	0.0	0.0	0.0	0.0	0.0	0.0	0.0	0.0	0.0	0.0
0.0049	0.9825	0.0125	0.0001	0.0	0.0	0.0	0.0	0.0	0.0	0.0	0.0	0.0	0.0	0.0
0.0001	0.0386	0.9237	0.0365	0.001	0.0001	0.0	0.0	0.0	0.0	0.0	0.0	0.0	0.0	0.0
0.0	0.0014	0.1193	0.8021	0.0738	0.0032	0.0002	0.0	0.0	0.0	0.0	0.0	0.0	0.0	0.0
0.0	0.0002	0.0083	0.1959	0.6954	0.094	0.0057	0.0004	0.0	0.0	0.0	0.0	0.0	0.0	0.0
0.0	0.0001	0.0015	0.0264	0.2886	0.5818	0.0919	0.0095	0.0003	0.0	0.0	0.0	0.0	0.0	0.0
0.0	0.0001	0.0005	0.0054	0.072	0.3766	0.4435	0.0972	0.0047	0.0	0.0	0.0	0.0	0.0	0.0
0.0	0.0	0.0002	0.0017	0.0202	0.1563	0.3921	0.3934	0.0356	0.0004	0.0	0.0	0.0	0.0	0.0
0.0	0.0	0.0001	0.0007	0.0069	0.07	0.271	0.5116	0.1362	0.0022	0.0003	0.0003	0.0003	0.0002	0.0001
0.0	0.0	0.0001	0.0004	0.0029	0.0349	0.1973	0.5303	0.2194	0.0075	0.0013	0.0017	0.0018	0.0015	0.0009
0.0	0.0	0.0001	0.0003	0.0014	0.0183	0.144	0.5185	0.275	0.0129	0.0038	0.0064	0.0078	0.0071	0.0043
0.0	0.0	0.0001	0.0002	0.0008	0.0099	0.1021	0.474	0.308	0.0172	0.0065	0.0167	0.0246	0.0244	0.0154
0.0	0.0	0.0001	0.0001	0.0006	0.0057	0.0696	0.3979	0.3062	0.0196	0.0084	0.0261	0.0562	0.0659	0.0437
0.0	0.0	0.0001	0.0001	0.0005	0.0037	0.0471	0.3094	0.2697	0.0192	0.0089	0.0303	0.0773	0.1329	0.1008
0.0	0.0	0.0001	0.0002	0.0005	0.0034	0.039	0.2622	0.2391	0.0177	0.0086	0.0302	0.0807	0.1586	0.1596
Train set formed, size: 55, sequence length: 115
Max length from reference: 10

Model likelihood: -4820.0822
 Previous b: 0.0	0.0666	0.1138	0.1773	0.2489	0.3264	0.4085	0.4945	0.5839	0.6763	0.7714

 Current b: 0.0	0.0666	0.1138	0.1773	0.2489	0.3264	0.4085	0.4945	0.5839	0.6763	0.7714
Sigma: 0.874516927017
-------- Another step parameters --------

 Transition matrix: 
0.9528	0.0096	0.0375	0.0	0.0
0.338	0.662	0.0	0.0	0.0
0.8591	0.0	0.1409	0.0	0.0
0.9	0.05	0.05	0.0	0.0001
0.0	0.0	0.0	0.0	1.0

 Insertion base call: 
0.6072	0.0979	0.1142	0.1806

 Length call (insertion): 
0.6961	0.1644	0.0667	0.0318	0.0181	0.0111	0.0068	0.0041	0.0008	0.0

 Length call (match): 
0.9987	0.0013	0.0	0.0	0.0	0.0	0.0	0.0	0.0	0.0
0.0049	0.9846	0.0104	0.0001	0.0	0.0	0.0	0.0	0.0	0.0
0.0001	0.0434	0.9223	0.0334	0.0008	0.0	0.0	0.0	0.0	0.0
0.0	0.0015	0.1273	0.8008	0.0674	0.0028	0.0001	0.0	0.0	0.0
0.0	0.0003	0.0089	0.2098	0.6862	0.089	0.0055	0.0003	0.0	0.0
0.0	0.0001	0.0016	0.0291	0.2982	0.5713	0.0909	0.0085	0.0003	0.0
0.0	0.0001	0.0005	0.0059	0.0762	0.3775	0.4449	0.0892	0.0055	0.0002
0.0	0.0	0.0002	0.0018	0.0217	0.1614	0.4055	0.366	0.0414	0.0019
0.0	0.0	0.0001	0.0008	0.0076	0.0743	0.2837	0.4685	0.1546	0.0104
0.0	0.0	0.0001	0.0005	0.0035	0.0402	0.2131	0.4747	0.2338	0.034

Model likelihood: -2689.2928
 Previous b: 0.0	0.0666	0.1138	0.1773	0.2489	0.3264	0.4085	0.4945	0.5839	0.6763	0.7714

 Current b: 0.0	0.0666	0.1138	0.1773	0.2489	0.3264	0.4085	0.4945	0.5839	0.6763	0.7714
Sigma: 0.930685084002
-------- Another step parameters --------

 Transition matrix: 
0.9567	0.0087	0.0346	0.0	0.0
0.2875	0.7125	0.0	0.0	0.0
0.8369	0.0	0.1631	0.0	0.0
0.9	0.05	0.05	0.0	0.0001
0.0	0.0	0.0	0.0	1.0

 Insertion base call: 
0.6434	0.0956	0.1117	0.1493

 Length call (insertion): 
0.6747	0.1721	0.0719	0.0349	0.0202	0.0126	0.0078	0.0047	0.001	0.0

 Length call (match): 
0.9987	0.0013	0.0	0.0	0.0	0.0	0.0	0.0	0.0	0.0
0.0049	0.9846	0.0104	0.0001	0.0	0.0	0.0	0.0	0.0	0.0
0.0001	0.0434	0.9223	0.0334	0.0008	0.0	0.0	0.0	0.0	0.0
0.0	0.0015	0.1273	0.8008	0.0674	0.0028	0.0001	0.0	0.0	0.0
0.0	0.0003	0.0089	0.2098	0.6862	0.089	0.0055	0.0003	0.0	0.0
0.0	0.0001	0.0016	0.0291	0.2982	0.5713	0.0909	0.0085	0.0003	0.0
0.0	0.0001	0.0005	0.0059	0.0762	0.3775	0.4449	0.0892	0.0055	0.0002
0.0	0.0	0.0002	0.0018	0.0217	0.1614	0.4055	0.366	0.0414	0.0019
0.0	0.0	0.0001	0.0008	0.0076	0.0743	0.2837	0.4685	0.1546	0.0104
0.0	0.0	0.0001	0.0005	0.0035	0.0402	0.2131	0.4747	0.2338	0.034

Model likelihood: -2686.0935
 Previous b: 0.0	0.0666	0.1138	0.1773	0.2489	0.3264	0.4085	0.4945	0.5839	0.6763	0.7714

 Current b: 0.0	0.0666	0.1138	0.1773	0.2489	0.3264	0.4085	0.4945	0.5839	0.6763	0.7714
Sigma: 0.904260417126
-------- Another step parameters --------

 Transition matrix: 
0.9575	0.0084	0.034	0.0	0.0
0.2848	0.7152	0.0	0.0	0.0
0.8225	0.0	0.1775	0.0	0.0
0.9	0.05	0.05	0.0	0.0001
0.0	0.0	0.0	0.0	1.0

 Insertion base call: 
0.6497	0.0988	0.1108	0.1407

 Length call (insertion): 
0.6847	0.1686	0.0695	0.0335	0.0192	0.0119	0.0073	0.0044	0.0009	0.0

 Length call (match): 
0.9987	0.0013	0.0	0.0	0.0	0.0	0.0	0.0	0.0	0.0
0.0049	0.9846	0.0104	0.0001	0.0	0.0	0.0	0.0	0.0	0.0
0.0001	0.0434	0.9223	0.0334	0.0008	0.0	0.0	0.0	0.0	0.0
0.0	0.0015	0.1273	0.8008	0.0674	0.0028	0.0001	0.0	0.0	0.0
0.0	0.0003	0.0089	0.2098	0.6862	0.089	0.0055	0.0003	0.0	0.0
0.0	0.0001	0.0016	0.0291	0.2982	0.5713	0.0909	0.0085	0.0003	0.0
0.0	0.0001	0.0005	0.0059	0.0762	0.3775	0.4449	0.0892	0.0055	0.0002
0.0	0.0	0.0002	0.0018	0.0217	0.1614	0.4055	0.366	0.0414	0.0019
0.0	0.0	0.0001	0.0008	0.0076	0.0743	0.2837	0.4685	0.1546	0.0104
0.0	0.0	0.0001	0.0005	0.0035	0.0402	0.2131	0.4747	0.2338	0.034

Model likelihood: -2681.843
 Previous b: 0.0	0.0666	0.1138	0.1773	0.2489	0.3264	0.4085	0.4945	0.5839	0.6763	0.7714

 Current b: 0.0	0.0666	0.1138	0.1773	0.2489	0.3264	0.4085	0.4945	0.5839	0.6763	0.7714
Sigma: 0.916293328744
-------- Another step parameters --------

 Transition matrix: 
0.9578	0.0084	0.0339	0.0	0.0
0.2841	0.7159	0.0	0.0	0.0
0.8154	0.0	0.1846	0.0	0.0
0.9	0.05	0.05	0.0	0.0001
0.0	0.0	0.0	0.0	1.0

 Insertion base call: 
0.6513	0.1004	0.1102	0.1381

 Length call (insertion): 
0.6801	0.1702	0.0706	0.0341	0.0196	0.0122	0.0075	0.0045	0.0009	0.0

 Length call (match): 
0.9987	0.0013	0.0	0.0	0.0	0.0	0.0	0.0	0.0	0.0
0.0049	0.9846	0.0104	0.0001	0.0	0.0	0.0	0.0	0.0	0.0
0.0001	0.0434	0.9223	0.0334	0.0008	0.0	0.0	0.0	0.0	0.0
0.0	0.0015	0.1273	0.8008	0.0674	0.0028	0.0001	0.0	0.0	0.0
0.0	0.0003	0.0089	0.2098	0.6862	0.089	0.0055	0.0003	0.0	0.0
0.0	0.0001	0.0016	0.0291	0.2982	0.5713	0.0909	0.0085	0.0003	0.0
0.0	0.0001	0.0005	0.0059	0.0762	0.3775	0.4449	0.0892	0.0055	0.0002
0.0	0.0	0.0002	0.0018	0.0217	0.1614	0.4055	0.366	0.0414	0.0019
0.0	0.0	0.0001	0.0008	0.0076	0.0743	0.2837	0.4685	0.1546	0.0104
0.0	0.0	0.0001	0.0005	0.0035	0.0402	0.2131	0.4747	0.2338	0.034

Model likelihood: -2683.1883
 Previous b: 0.0	0.0666	0.1138	0.1773	0.2489	0.3264	0.4085	0.4945	0.5839	0.6763	0.7714

 Current b: 0.0	0.0666	0.1138	0.1773	0.2489	0.3264	0.4085	0.4945	0.5839	0.6763	0.7714
Sigma: 0.910722619176
-------- Another step parameters --------

 Transition matrix: 
0.9579	0.0083	0.0338	0.0	0.0
0.284	0.716	0.0	0.0	0.0
0.8125	0.0	0.1875	0.0	0.0
0.9	0.05	0.05	0.0	0.0001
0.0	0.0	0.0	0.0	1.0

 Insertion base call: 
0.6519	0.1011	0.11	0.137

 Length call (insertion): 
0.6822	0.1695	0.0701	0.0338	0.0194	0.012	0.0075	0.0045	0.0009	0.0

 Length call (match): 
0.9987	0.0013	0.0	0.0	0.0	0.0	0.0	0.0	0.0	0.0
0.0049	0.9846	0.0104	0.0001	0.0	0.0	0.0	0.0	0.0	0.0
0.0001	0.0434	0.9223	0.0334	0.0008	0.0	0.0	0.0	0.0	0.0
0.0	0.0015	0.1273	0.8008	0.0674	0.0028	0.0001	0.0	0.0	0.0
0.0	0.0003	0.0089	0.2098	0.6862	0.089	0.0055	0.0003	0.0	0.0
0.0	0.0001	0.0016	0.0291	0.2982	0.5713	0.0909	0.0085	0.0003	0.0
0.0	0.0001	0.0005	0.0059	0.0762	0.3775	0.4449	0.0892	0.0055	0.0002
0.0	0.0	0.0002	0.0018	0.0217	0.1614	0.4055	0.366	0.0414	0.0019
0.0	0.0	0.0001	0.0008	0.0076	0.0743	0.2837	0.4685	0.1546	0.0104
0.0	0.0	0.0001	0.0005	0.0035	0.0402	0.2131	0.4747	0.2338	0.034

Model likelihood: -2682.4665
 Previous b: 0.0	0.0666	0.1138	0.1773	0.2489	0.3264	0.4085	0.4945	0.5839	0.6763	0.7714

 Current b: 0.0	0.0666	0.1138	0.1773	0.2489	0.3264	0.4085	0.4945	0.5839	0.6763	0.7714
Sigma: 0.913278174705
-------- Another step parameters --------

 Transition matrix: 
0.9579	0.0083	0.0338	0.0	0.0
0.2839	0.7161	0.0	0.0	0.0
0.8112	0.0	0.1888	0.0	0.0
0.9	0.05	0.05	0.0	0.0001
0.0	0.0	0.0	0.0	1.0

 Insertion base call: 
0.6521	0.1014	0.1099	0.1366

 Length call (insertion): 
0.6813	0.1698	0.0704	0.034	0.0195	0.0121	0.0075	0.0045	0.0009	0.0

 Length call (match): 
0.9987	0.0013	0.0	0.0	0.0	0.0	0.0	0.0	0.0	0.0
0.0049	0.9846	0.0104	0.0001	0.0	0.0	0.0	0.0	0.0	0.0
0.0001	0.0434	0.9223	0.0334	0.0008	0.0	0.0	0.0	0.0	0.0
0.0	0.0015	0.1273	0.8008	0.0674	0.0028	0.0001	0.0	0.0	0.0
0.0	0.0003	0.0089	0.2098	0.6862	0.089	0.0055	0.0003	0.0	0.0
0.0	0.0001	0.0016	0.0291	0.2982	0.5713	0.0909	0.0085	0.0003	0.0
0.0	0.0001	0.0005	0.0059	0.0762	0.3775	0.4449	0.0892	0.0055	0.0002
0.0	0.0	0.0002	0.0018	0.0217	0.1614	0.4055	0.366	0.0414	0.0019
0.0	0.0	0.0001	0.0008	0.0076	0.0743	0.2837	0.4685	0.1546	0.0104
0.0	0.0	0.0001	0.0005	0.0035	0.0402	0.2131	0.4747	0.2338	0.034

Model likelihood: -2682.782
 Previous b: 0.0	0.0666	0.1138	0.1773	0.2489	0.3264	0.4085	0.4945	0.5839	0.6763	0.7714

 Current b: 0.0	0.0666	0.1138	0.1773	0.2489	0.3264	0.4085	0.4945	0.5839	0.6763	0.7714
Sigma: 0.912098889815
-------- Another step parameters --------

 Transition matrix: 
0.9579	0.0083	0.0338	0.0	0.0
0.2839	0.7161	0.0	0.0	0.0
0.8107	0.0	0.1893	0.0	0.0
0.9	0.05	0.05	0.0	0.0001
0.0	0.0	0.0	0.0	1.0

 Insertion base call: 
0.6521	0.1016	0.1098	0.1364

 Length call (insertion): 
0.6817	0.1696	0.0702	0.0339	0.0195	0.0121	0.0075	0.0045	0.0009	0.0

 Length call (match): 
0.9987	0.0013	0.0	0.0	0.0	0.0	0.0	0.0	0.0	0.0
0.0049	0.9846	0.0104	0.0001	0.0	0.0	0.0	0.0	0.0	0.0
0.0001	0.0434	0.9223	0.0334	0.0008	0.0	0.0	0.0	0.0	0.0
0.0	0.0015	0.1273	0.8008	0.0674	0.0028	0.0001	0.0	0.0	0.0
0.0	0.0003	0.0089	0.2098	0.6862	0.089	0.0055	0.0003	0.0	0.0
0.0	0.0001	0.0016	0.0291	0.2982	0.5713	0.0909	0.0085	0.0003	0.0
0.0	0.0001	0.0005	0.0059	0.0762	0.3775	0.4449	0.0892	0.0055	0.0002
0.0	0.0	0.0002	0.0018	0.0217	0.1614	0.4055	0.366	0.0414	0.0019
0.0	0.0	0.0001	0.0008	0.0076	0.0743	0.2837	0.4685	0.1546	0.0104
0.0	0.0	0.0001	0.0005	0.0035	0.0402	0.2131	0.4747	0.2338	0.034

Model likelihood: -2682.6338