
-------- Another step parameters --------

 Transition matrix: 
0.7	0.15	0.15	0.0	0.0
0.9	0.1	0.0	0.0	0.0
0.8	0.0	0.2	0.0	0.0
0.9	0.05	0.05	0.0	0.0
0.0	0.0	0.0	0.0	1.0

 Insertion base call: 
0.25	0.25	0.25	0.25

 Length call (insertion): 
0.6937	0.1633	0.0686	0.0323	0.0186	0.0115	0.0069	0.0045	0.0007	0.0	0.0	0.0	0.0	0.0	0.0

 Length call (match): 
0.9987	0.0013	0.0	0.0	0.0	0.0	0.0	0.0	0.0	0.0	0.0	0.0	0.0	0.0	0.0
0.0049	0.9825	0.0125	0.0001	0.0	0.0	0.0	0.0	0.0	0.0	0.0	0.0	0.0	0.0	0.0
0.0001	0.0386	0.9237	0.0365	0.001	0.0001	0.0	0.0	0.0	0.0	0.0	0.0	0.0	0.0	0.0
0.0	0.0014	0.1193	0.8021	0.0738	0.0032	0.0002	0.0	0.0	0.0	0.0	0.0	0.0	0.0	0.0
0.0	0.0002	0.0083	0.1959	0.6954	0.094	0.0057	0.0004	0.0	0.0	0.0	0.0	0.0	0.0	0.0
0.0	0.0001	0.0015	0.0264	0.2886	0.5818	0.0919	0.0095	0.0003	0.0	0.0	0.0	0.0	0.0	0.0
0.0	0.0001	0.0005	0.0054	0.072	0.3766	0.4435	0.0972	0.0047	0.0	0.0	0.0	0.0	0.0	0.0
0.0	0.0	0.0002	0.0017	0.0202	0.1563	0.3921	0.3934	0.0356	0.0004	0.0	0.0	0.0	0.0	0.0
0.0	0.0	0.0001	0.0007	0.0069	0.07	0.271	0.5116	0.1362	0.0022	0.0003	0.0003	0.0003	0.0002	0.0001
0.0	0.0	0.0001	0.0004	0.0029	0.0349	0.1973	0.5303	0.2194	0.0075	0.0013	0.0017	0.0018	0.0015	0.0009
0.0	0.0	0.0001	0.0003	0.0014	0.0183	0.144	0.5185	0.275	0.0129	0.0038	0.0064	0.0078	0.0071	0.0043
0.0	0.0	0.0001	0.0002	0.0008	0.0099	0.1021	0.474	0.308	0.0172	0.0065	0.0167	0.0246	0.0244	0.0154
0.0	0.0	0.0001	0.0001	0.0006	0.0057	0.0696	0.3979	0.3062	0.0196	0.0084	0.0261	0.0562	0.0659	0.0437
0.0	0.0	0.0001	0.0001	0.0005	0.0037	0.0471	0.3094	0.2697	0.0192	0.0089	0.0303	0.0773	0.1329	0.1008
0.0	0.0	0.0001	0.0002	0.0005	0.0034	0.039	0.2622	0.2391	0.0177	0.0086	0.0302	0.0807	0.1586	0.1596
Train set formed, size: 55, sequence length: 115
Max length from reference: 10

Model likelihood: -4748.0857
 Previous b: 0.0	0.0666	0.1138	0.1773	0.2489	0.3264	0.4085	0.4945	0.5839	0.6763	0.7714

 Current b: 0.0	0.0666	0.1138	0.1773	0.2489	0.3264	0.4085	0.4945	0.5839	0.6763	0.7714
Sigma: 0.873826234482
-------- Another step parameters --------

 Transition matrix: 
0.9474	0.016	0.0366	0.0	0.0
0.4194	0.5806	0.0	0.0	0.0
0.8329	0.0	0.1671	0.0	0.0
0.9	0.05	0.05	0.0	0.0001
0.0	0.0	0.0	0.0	1.0

 Insertion base call: 
0.603	0.11	0.1057	0.1812

 Length call (insertion): 
0.6964	0.1643	0.0667	0.0317	0.0181	0.0111	0.0068	0.0041	0.0008	0.0

 Length call (match): 
0.9987	0.0013	0.0	0.0	0.0	0.0	0.0	0.0	0.0	0.0
0.0049	0.9846	0.0104	0.0001	0.0	0.0	0.0	0.0	0.0	0.0
0.0001	0.0434	0.9223	0.0334	0.0008	0.0	0.0	0.0	0.0	0.0
0.0	0.0015	0.1273	0.8008	0.0674	0.0028	0.0001	0.0	0.0	0.0
0.0	0.0003	0.0089	0.2098	0.6862	0.089	0.0055	0.0003	0.0	0.0
0.0	0.0001	0.0016	0.0291	0.2982	0.5713	0.0909	0.0085	0.0003	0.0
0.0	0.0001	0.0005	0.0059	0.0762	0.3775	0.4449	0.0892	0.0055	0.0002
0.0	0.0	0.0002	0.0018	0.0217	0.1614	0.4055	0.366	0.0414	0.0019
0.0	0.0	0.0001	0.0008	0.0076	0.0743	0.2837	0.4685	0.1546	0.0104
0.0	0.0	0.0001	0.0005	0.0035	0.0402	0.2131	0.4747	0.2338	0.034

Model likelihood: -2652.003
 Previous b: 0.0	0.0666	0.1138	0.1773	0.2489	0.3264	0.4085	0.4945	0.5839	0.6763	0.7714

 Current b: 0.0	0.0666	0.1138	0.1773	0.2489	0.3264	0.4085	0.4945	0.5839	0.6763	0.7714
Sigma: 0.9279757845
-------- Another step parameters --------

 Transition matrix: 
0.9507	0.0159	0.0334	0.0	0.0
0.3418	0.6582	0.0	0.0	0.0
0.8003	0.0	0.1997	0.0	0.0
0.9	0.05	0.05	0.0	0.0001
0.0	0.0	0.0	0.0	1.0

 Insertion base call: 
0.6322	0.1109	0.1016	0.1553

 Length call (insertion): 
0.6758	0.1718	0.0717	0.0348	0.0201	0.0125	0.0078	0.0047	0.001	0.0

 Length call (match): 
0.9987	0.0013	0.0	0.0	0.0	0.0	0.0	0.0	0.0	0.0
0.0049	0.9846	0.0104	0.0001	0.0	0.0	0.0	0.0	0.0	0.0
0.0001	0.0434	0.9223	0.0334	0.0008	0.0	0.0	0.0	0.0	0.0
0.0	0.0015	0.1273	0.8008	0.0674	0.0028	0.0001	0.0	0.0	0.0
0.0	0.0003	0.0089	0.2098	0.6862	0.089	0.0055	0.0003	0.0	0.0
0.0	0.0001	0.0016	0.0291	0.2982	0.5713	0.0909	0.0085	0.0003	0.0
0.0	0.0001	0.0005	0.0059	0.0762	0.3775	0.4449	0.0892	0.0055	0.0002
0.0	0.0	0.0002	0.0018	0.0217	0.1614	0.4055	0.366	0.0414	0.0019
0.0	0.0	0.0001	0.0008	0.0076	0.0743	0.2837	0.4685	0.1546	0.0104
0.0	0.0	0.0001	0.0005	0.0035	0.0402	0.2131	0.4747	0.2338	0.034

Model likelihood: -2647.2621
 Previous b: 0.0	0.0666	0.1138	0.1773	0.2489	0.3264	0.4085	0.4945	0.5839	0.6763	0.7714

 Current b: 0.0	0.0666	0.1138	0.1773	0.2489	0.3264	0.4085	0.4945	0.5839	0.6763	0.7714
Sigma: 0.901743547402
-------- Another step parameters --------

 Transition matrix: 
0.9516	0.0156	0.0328	0.0	0.0
0.334	0.666	0.0	0.0	0.0
0.7813	0.0	0.2187	0.0	0.0
0.9	0.05	0.05	0.0	0.0001
0.0	0.0	0.0	0.0	1.0

 Insertion base call: 
0.6371	0.1149	0.0983	0.1496

 Length call (insertion): 
0.6857	0.1682	0.0693	0.0333	0.0191	0.0118	0.0073	0.0044	0.0009	0.0

 Length call (match): 
0.9987	0.0013	0.0	0.0	0.0	0.0	0.0	0.0	0.0	0.0
0.0049	0.9846	0.0104	0.0001	0.0	0.0	0.0	0.0	0.0	0.0
0.0001	0.0434	0.9223	0.0334	0.0008	0.0	0.0	0.0	0.0	0.0
0.0	0.0015	0.1273	0.8008	0.0674	0.0028	0.0001	0.0	0.0	0.0
0.0	0.0003	0.0089	0.2098	0.6862	0.089	0.0055	0.0003	0.0	0.0
0.0	0.0001	0.0016	0.0291	0.2982	0.5713	0.0909	0.0085	0.0003	0.0
0.0	0.0001	0.0005	0.0059	0.0762	0.3775	0.4449	0.0892	0.0055	0.0002
0.0	0.0	0.0002	0.0018	0.0217	0.1614	0.4055	0.366	0.0414	0.0019
0.0	0.0	0.0001	0.0008	0.0076	0.0743	0.2837	0.4685	0.1546	0.0104
0.0	0.0	0.0001	0.0005	0.0035	0.0402	0.2131	0.4747	0.2338	0.034

Model likelihood: -2643.1147
 Previous b: 0.0	0.0666	0.1138	0.1773	0.2489	0.3264	0.4085	0.4945	0.5839	0.6763	0.7714

 Current b: 0.0	0.0666	0.1138	0.1773	0.2489	0.3264	0.4085	0.4945	0.5839	0.6763	0.7714
Sigma: 0.913556821868
-------- Another step parameters --------

 Transition matrix: 
0.9519	0.0154	0.0327	0.0	0.0
0.332	0.668	0.0	0.0	0.0
0.7718	0.0	0.2282	0.0	0.0
0.9	0.05	0.05	0.0	0.0001
0.0	0.0	0.0	0.0	1.0

 Insertion base call: 
0.6387	0.1169	0.0965	0.148

 Length call (insertion): 
0.6812	0.1698	0.0704	0.034	0.0195	0.0121	0.0075	0.0045	0.0009	0.0

 Length call (match): 
0.9987	0.0013	0.0	0.0	0.0	0.0	0.0	0.0	0.0	0.0
0.0049	0.9846	0.0104	0.0001	0.0	0.0	0.0	0.0	0.0	0.0
0.0001	0.0434	0.9223	0.0334	0.0008	0.0	0.0	0.0	0.0	0.0
0.0	0.0015	0.1273	0.8008	0.0674	0.0028	0.0001	0.0	0.0	0.0
0.0	0.0003	0.0089	0.2098	0.6862	0.089	0.0055	0.0003	0.0	0.0
0.0	0.0001	0.0016	0.0291	0.2982	0.5713	0.0909	0.0085	0.0003	0.0
0.0	0.0001	0.0005	0.0059	0.0762	0.3775	0.4449	0.0892	0.0055	0.0002
0.0	0.0	0.0002	0.0018	0.0217	0.1614	0.4055	0.366	0.0414	0.0019
0.0	0.0	0.0001	0.0008	0.0076	0.0743	0.2837	0.4685	0.1546	0.0104
0.0	0.0	0.0001	0.0005	0.0035	0.0402	0.2131	0.4747	0.2338	0.034

Model likelihood: -2644.2206
 Previous b: 0.0	0.0666	0.1138	0.1773	0.2489	0.3264	0.4085	0.4945	0.5839	0.6763	0.7714

 Current b: 0.0	0.0666	0.1138	0.1773	0.2489	0.3264	0.4085	0.4945	0.5839	0.6763	0.7714
Sigma: 0.90792928126
-------- Another step parameters --------

 Transition matrix: 
0.952	0.0154	0.0326	0.0	0.0
0.3308	0.6692	0.0	0.0	0.0
0.7676	0.0	0.2324	0.0	0.0
0.9	0.05	0.05	0.0	0.0001
0.0	0.0	0.0	0.0	1.0

 Insertion base call: 
0.6393	0.1177	0.0957	0.1473

 Length call (insertion): 
0.6833	0.1691	0.0699	0.0337	0.0193	0.012	0.0074	0.0045	0.0009	0.0

 Length call (match): 
0.9987	0.0013	0.0	0.0	0.0	0.0	0.0	0.0	0.0	0.0
0.0049	0.9846	0.0104	0.0001	0.0	0.0	0.0	0.0	0.0	0.0
0.0001	0.0434	0.9223	0.0334	0.0008	0.0	0.0	0.0	0.0	0.0
0.0	0.0015	0.1273	0.8008	0.0674	0.0028	0.0001	0.0	0.0	0.0
0.0	0.0003	0.0089	0.2098	0.6862	0.089	0.0055	0.0003	0.0	0.0
0.0	0.0001	0.0016	0.0291	0.2982	0.5713	0.0909	0.0085	0.0003	0.0
0.0	0.0001	0.0005	0.0059	0.0762	0.3775	0.4449	0.0892	0.0055	0.0002
0.0	0.0	0.0002	0.0018	0.0217	0.1614	0.4055	0.366	0.0414	0.0019
0.0	0.0	0.0001	0.0008	0.0076	0.0743	0.2837	0.4685	0.1546	0.0104
0.0	0.0	0.0001	0.0005	0.0035	0.0402	0.2131	0.4747	0.2338	0.034

Model likelihood: -2643.5158
 Previous b: 0.0	0.0666	0.1138	0.1773	0.2489	0.3264	0.4085	0.4945	0.5839	0.6763	0.7714

 Current b: 0.0	0.0666	0.1138	0.1773	0.2489	0.3264	0.4085	0.4945	0.5839	0.6763	0.7714
Sigma: 0.91047653766
-------- Another step parameters --------

 Transition matrix: 
0.9521	0.0153	0.0326	0.0	0.0
0.3303	0.6697	0.0	0.0	0.0
0.7655	0.0	0.2345	0.0	0.0
0.9	0.05	0.05	0.0	0.0001
0.0	0.0	0.0	0.0	1.0

 Insertion base call: 
0.6396	0.1182	0.0952	0.147

 Length call (insertion): 
0.6823	0.1694	0.0701	0.0338	0.0194	0.012	0.0074	0.0045	0.0009	0.0

 Length call (match): 
0.9987	0.0013	0.0	0.0	0.0	0.0	0.0	0.0	0.0	0.0
0.0049	0.9846	0.0104	0.0001	0.0	0.0	0.0	0.0	0.0	0.0
0.0001	0.0434	0.9223	0.0334	0.0008	0.0	0.0	0.0	0.0	0.0
0.0	0.0015	0.1273	0.8008	0.0674	0.0028	0.0001	0.0	0.0	0.0
0.0	0.0003	0.0089	0.2098	0.6862	0.089	0.0055	0.0003	0.0	0.0
0.0	0.0001	0.0016	0.0291	0.2982	0.5713	0.0909	0.0085	0.0003	0.0
0.0	0.0001	0.0005	0.0059	0.0762	0.3775	0.4449	0.0892	0.0055	0.0002
0.0	0.0	0.0002	0.0018	0.0217	0.1614	0.4055	0.366	0.0414	0.0019
0.0	0.0	0.0001	0.0008	0.0076	0.0743	0.2837	0.4685	0.1546	0.0104
0.0	0.0	0.0001	0.0005	0.0035	0.0402	0.2131	0.4747	0.2338	0.034

Model likelihood: -2643.7872
 Previous b: 0.0	0.0666	0.1138	0.1773	0.2489	0.3264	0.4085	0.4945	0.5839	0.6763	0.7714

 Current b: 0.0	0.0666	0.1138	0.1773	0.2489	0.3264	0.4085	0.4945	0.5839	0.6763	0.7714
Sigma: 0.909263352745
-------- Another step parameters --------

 Transition matrix: 
0.9521	0.0153	0.0326	0.0	0.0
0.33	0.67	0.0	0.0	0.0
0.7645	0.0	0.2355	0.0	0.0
0.9	0.05	0.05	0.0	0.0001
0.0	0.0	0.0	0.0	1.0

 Insertion base call: 
0.6397	0.1184	0.095	0.1469

 Length call (insertion): 
0.6828	0.1693	0.07	0.0337	0.0194	0.012	0.0074	0.0045	0.0009	0.0

 Length call (match): 
0.9987	0.0013	0.0	0.0	0.0	0.0	0.0	0.0	0.0	0.0
0.0049	0.9846	0.0104	0.0001	0.0	0.0	0.0	0.0	0.0	0.0
0.0001	0.0434	0.9223	0.0334	0.0008	0.0	0.0	0.0	0.0	0.0
0.0	0.0015	0.1273	0.8008	0.0674	0.0028	0.0001	0.0	0.0	0.0
0.0	0.0003	0.0089	0.2098	0.6862	0.089	0.0055	0.0003	0.0	0.0
0.0	0.0001	0.0016	0.0291	0.2982	0.5713	0.0909	0.0085	0.0003	0.0
0.0	0.0001	0.0005	0.0059	0.0762	0.3775	0.4449	0.0892	0.0055	0.0002
0.0	0.0	0.0002	0.0018	0.0217	0.1614	0.4055	0.366	0.0414	0.0019
0.0	0.0	0.0001	0.0008	0.0076	0.0743	0.2837	0.4685	0.1546	0.0104
0.0	0.0	0.0001	0.0005	0.0035	0.0402	0.2131	0.4747	0.2338	0.034

Model likelihood: -2643.6413